   8.0497117107591692e-04
   8.6247158619425727e-04
   9.2407335061663303e-04
   9.9006827730133010e-04
   1.0607688457898556e-03
   1.1365096524033717e-03
   1.2176489602623625e-03
   1.3045703557157361e-03
   1.3976845181573399e-03
   1.4974311106163210e-03
   1.6042807989324346e-03
   1.7187374077676882e-03
   1.8413402221604466e-03
   1.9726664437961904e-03
   2.1133338116485247e-03
   2.2640033971326901e-03
   2.4253825844087161e-03
   2.5982282469689932e-03
   2.7833501321411851e-03
   2.9816144656265504e-03
   3.1939477886699778e-03
   3.4213410409132867e-03
   3.6648539024092775e-03
   3.9256194086597414e-03
   4.2048488528736811e-03
   4.5038369899086245e-03
   4.8239675565402394e-03
   5.1667191227853689e-03
   5.5336712889574443e-03
   5.9265112429361293e-03
   6.3470406917546822e-03
   6.7971831810160685e-03
   7.2789918148024949e-03
   7.7946573876007553e-03
   8.3465169382768017e-03
   8.9370627342429919e-03
   9.5689516916072966e-03
   1.0245015234206449e-02
   1.0968269590927081e-02
   1.1741926526524511e-02
   1.2569404496163981e-02
   1.3454340208030593e-02
   1.4400600571469852e-02
   1.5412295000109114e-02
   1.6493788030142047e-02
   1.7649712203296284e-02
   1.8884981151803690e-02
   2.0204802808806138e-02
   2.1614692651904584e-02
   2.3120486869847311e-02
   2.4728355322510314e-02
   2.6444814142214633e-02
   2.8276737799940669e-02
   3.0231370433048715e-02
   3.2316336201650066e-02
   3.4539648408797446e-02
   3.6909717085243217e-02
   3.9435354702800698e-02
   4.2125779641595973e-02
   4.4990616996091477e-02
   4.8039896263239144e-02
   5.1284045414184208e-02
   5.4733880809518812e-02
   5.8400592378328016e-02
   6.2295723444604760e-02
   6.6431144552748844e-02
   7.0819020618828249e-02
   7.5471770718426159e-02
   8.0402019817902362e-02
   8.5622541766747259e-02
   9.1146192897690090e-02
   9.6985835631825806e-02
   1.0315425156187662e-01
   1.0966404359145816e-01
   1.1652752684533656e-01
   1.2375660823828023e-01
   1.3136265480070747e-01
   1.3935635110951466e-01
   1.4774754646255769e-01
   1.5654509276400264e-01
   1.6575667445193459e-01
   1.7538863219365036e-01
   1.8544578248983276e-01
   1.9593123575527263e-01
   2.0684621586709187e-01
   2.1818988457469857e-01
   2.2995917452966502e-01
   2.4214863499779424e-01
   2.5475029447130865e-01
   2.6775354951272284e-01
